#(carId,StartTime,RoadId...)
(10051,1,5030,5041,5052)
(10019,1,5028,5017,5006,5000)
(10370,1,5005,5016,5027)
(10015,1,5018,5029,5040)
(10099,1,5032,5043,5054)
(10070,1,5029,5018,5007)
(10124,1,5029,5018,5007)
(10130,1,5029,5018,5007)
(10038,1,5030,5019,5013,5007)
(10084,1,5041,5030,5019,5008)
(10007,1,5031,5020,5009)
(10135,1,5038,5027,5016)
(10374,1,5038,5027,5016)
(10024,1,5017,5028,5039)
(10055,1,5031,5042,5053)
(10177,1,5032,5043,5054)
(10336,1,5032,5043,5054)
(10355,1,5032,5043,5054)
(10056,1,5030,5019,5013,5007)
(10016,1,5053,5042,5036,5030)
(10003,1,5008,5019,5030,5041)
(10039,1,5030,5036,5042,5053)
(10080,1,5030,5036,5042,5053)
(10106,1,5019,5030,5036,5042,5053)
(10037,1,5031,5042,5048,5054)
(10213,1,5041,5030,5019,5013,5007)
(10036,1,5028,5017,5006)
(10175,1,5041,5030,5019,5013,5012,5006)
(10208,1,5041,5030,5019,5008,5003)
(10315,1,5009,5015,5021,5032)
(10343,1,5009,5020,5031,5042)
(10081,1,5019,5025,5031,5042,5048)
(10176,1,5013,5019,5030,5041,5052)
(10204,1,5020,5031,5042,5053)
(10087,1,5052,5041,5030,5019)
(10067,1,5048,5042,5036,5030,5019)
(10165,1,5053,5042,5036,5035,5034,5028)
(10065,1,5015,5014,5019,5030,5041,5052,5057)
(10043,1,5050,5039,5028,5017,5012,5007)
(10139,11,5016,5027,5038)
(10082,1,5027,5016,5005)
(10061,1,5039,5028,5022,5016)
(10054,1,5043,5032,5021)
(10238,1,5059,5054,5043,5032,5021)
(10032,1,5052,5041,5035,5034,5028,5022)
(10116,1,5018,5029,5040)
(10075,1,5012,5013,5014,5020,5031,5042)
(10033,1,5021,5032,5043)
(10009,1,5028,5039,5050,5056)
(10095,1,5017,5028,5039,5050,5056)
(10029,1,5023,5028,5039,5050,5056)
(10042,1,5034,5028,5017,5006)
(10020,1,5039,5028,5017,5012,5007,5002)
(10021,1,5050,5039,5028,5017,5012,5007,5002)
(10335,16,5020,5031,5042)
(10085,11,5030,5036,5042,5053)
(10071,1,5031,5020,5009)
(10001,1,5040,5034,5028,5022,5016)
(10050,1,5056,5050,5039,5028,5022)
(10004,1,5006,5017,5023,5029)
(10012,9,5006,5012,5018,5029)
(10101,1,5015,5021,5032,5043)
(10063,11,5021,5032,5043)
(10072,16,5021,5032,5043)
(10115,1,5019,5030,5036,5042,5048)
(10161,1,5012,5013,5019,5030,5036,5042,5048)
(10488,1,5027,5038,5049)
(10418,1,5023,5028,5039,5050,5056)
(10031,1,5036,5030,5019,5008)
(10290,11,5020,5031,5042,5053)
(10035,1,5054,5048,5042,5036,5030,5019,5013,5012,5006,5000)
(10014,1,5050,5039,5028,5017,5012,5013,5014,5015)
(10008,1,5016,5022,5028,5034,5035,5036,5042,5048,5054)
(10002,1,5042,5031,5020,5009)
(10255,1,5059,5054,5043,5032,5021)
(10023,1,5003,5008,5019,5030,5041,5052)
(10010,1,5016,5022,5028,5034,5035,5041)
(10267,13,5008,5019,5030,5041)
(10131,8,5000,5006,5017,5028,5039,5044,5049)
(10108,26,5027,5016,5005)
(10076,1,5010,5015,5014,5013,5012,5017,5028,5039)
(10190,1,5048,5042,5031,5020,5009)
(10000,1,5057,5052,5041,5030,5019,5014)
(10017,1,5007,5012,5017,5028,5039,5050,5056)
(10123,1,5008,5019,5030,5041,5052,5057)
(10005,1,5010,5015,5014,5019,5030,5041,5052,5057)
(10167,11,5008,5019,5030,5036,5037)
(10140,26,5007,5018,5029,5040)
(10030,11,5006,5012,5013,5019,5030,5036,5037)
(10143,21,5016,5027,5038)
(10229,11,5000,5006,5017,5028,5034,5040)
(10028,1,5000,5006,5012,5013,5019,5030,5036,5042)
(10137,11,5010,5021,5032,5043)
(10090,26,5021,5032,5043)
(10079,1,5012,5017,5028,5034,5040,5045,5050)
(10041,21,5028,5039,5050,5056)
(10314,19,5008,5019,5030,5041,5052)
(10145,1,5024,5025,5031,5042,5048,5054)
(10226,11,5022,5028,5034,5035,5036,5042,5048,5054)
(10150,26,5016,5022,5028,5039)
(10026,9,5007,5012,5017,5028,5039,5050,5056)
(10304,12,5000,5006,5017,5028,5039,5050,5056)
(10371,13,5000,5006,5017,5028,5039,5050,5056)
(10049,1,5032,5021,5015,5014,5013,5012,5006,5000)
(10089,1,5054,5048,5042,5036,5035,5034,5028,5022,5016)
(10205,11,5013,5014,5020,5031,5042)
(10286,26,5022,5028,5039,5050)
(10103,26,5031,5042,5053)
(10195,11,5024,5030,5036,5042,5053)
(10129,1,5003,5002,5007,5012,5017,5028,5039)
(10168,13,5003,5002,5007,5012,5017,5028,5039)
(10179,36,5016,5022,5028,5039)
(10068,1,5013,5012,5017,5023,5029,5034,5039,5050)
(10126,1,5010,5015,5014,5019,5030,5041,5052)
(10188,21,5015,5014,5019,5030,5041,5052)
(10431,26,5006,5017,5028,5039,5050,5056)
(10144,9,5008,5019,5030,5036,5042,5048,5054)
(10361,41,5032,5043,5054)
(10018,1,5044,5039,5028,5017,5012,5007,5002,5003)
(10148,29,5007,5013,5019,5030,5036)
(10157,31,5007,5013,5019,5030,5036)
(10236,38,5007,5018,5029,5040)
(10434,21,5013,5012,5017,5028,5039,5050)
(10435,27,5006,5012,5013,5019,5030,5036)
(10478,29,5006,5012,5013,5019,5030)
(10345,25,5006,5012,5013,5019,5030,5041)
(10174,26,5012,5013,5019,5030,5036,5042)
(10277,16,5008,5019,5030,5036,5042,5053)
(10128,41,5031,5042,5053)
(10320,31,5003,5008,5019,5030,5041,5052)
(10337,41,5020,5031,5042,5053)
(10200,16,5003,5002,5007,5012,5017,5028,5039)
(10211,36,5012,5013,5019,5030,5041)
(10407,41,5010,5021,5032,5043)
(10441,47,5015,5021,5032,5043)
(10218,44,5016,5022,5028,5039,5050,5056)
(10220,41,5024,5030,5036,5042,5053)
(10025,1,5049,5044,5039,5028,5017,5012,5007,5002,5003)
(10166,16,5017,5023,5029,5034,5039,5044,5049)
(10271,21,5022,5028,5034,5035,5036,5042,5048,5054)
(10417,34,5009,5020,5031,5042)
(10356,46,5015,5021,5032,5043,5054)
(10261,51,5016,5022,5028,5039)
(10468,41,5009,5020,5031,5036,5041)
(10372,57,5013,5019,5030,5041)
(10306,31,5010,5021,5032,5037,5042)
(10509,41,5027,5038,5049)
(10384,26,5014,5013,5012,5017,5028,5039,5050)
(10224,46,5031,5042,5048,5054)
(10257,49,5016,5022,5028,5039,5050)
(10486,47,5010,5021,5032,5043)
(10505,48,5010,5021,5032,5043,5054)
(10230,46,5016,5022,5028,5034,5035,5036,5042,5048,5054)
(10350,36,5010,5021,5032,5037,5042)
(10192,41,5016,5027,5038,5049)
(10260,36,5012,5017,5028,5039,5044,5049)
(10391,32,5003,5002,5007,5012,5017,5028,5039,5044,5049)
(10410,56,5016,5027,5038,5049)
(10233,46,5024,5030,5041,5052)
(10040,66,5028,5017,5006)
(10247,47,5016,5022,5028,5034,5040)
(10330,61,5019,5030,5041,5052,5057)
(10111,66,5027,5016,5005)
(10100,66,5034,5028,5017,5006)
(10353,44,5007,5012,5017,5028,5039,5050)
(10062,41,5028,5034,5035,5036,5042,5053)
(10362,64,5019,5030,5041)
(10474,51,5017,5028,5034,5035,5036,5042)
(10381,61,5013,5019,5030,5036,5042)
(10483,56,5012,5013,5019,5030,5036,5042,5048,5054)
(10433,46,5010,5015,5014,5013,5012,5017,5028,5039)
(10334,62,5019,5030,5041,5052)
(10425,44,5010,5021,5032,5037,5036,5041)
(10393,46,5007,5012,5017,5028,5039,5044,5049)
(10461,38,5003,5002,5007,5012,5017,5028,5039,5044,5049)
(10369,56,5018,5023,5028,5039,5050,5056)
(10064,71,5028,5039,5050,5056)
(10227,66,5031,5042,5053)
(10086,61,5030,5036,5042,5053)
(10494,57,5016,5022,5028,5034,5035,5041)
(10506,62,5015,5021,5032,5043)
(10329,32,5010,5015,5014,5013,5018,5023,5028,5039,5050)
(10097,74,5030,5041,5052)
(10462,71,5023,5028,5039,5050,5056)
(10338,54,5016,5022,5028,5034,5035,5041,5052)
(10503,64,5013,5019,5030,5036,5042,5053)
(10136,71,5027,5016,5005)
(10480,71,5019,5030,5041,5052)
(10189,82,5030,5041,5052)
(10237,81,5031,5042,5053)
(10450,61,5015,5021,5032,5043,5054)
(10234,71,5031,5042,5048,5054)
(10399,67,5019,5030,5036,5042,5048)
(10112,86,5028,5017,5006)
(10436,68,5019,5030,5036,5042,5048)
(10280,70,5021,5032,5043,5054,5059)
(10235,86,5027,5016,5005)
(10376,65,5019,5030,5036,5042,5048,5054)
(10452,66,5024,5030,5036,5042,5048,5054)
(10185,76,5028,5039,5050,5056)
(10245,84,5028,5039,5050,5056)
(10252,61,5021,5032,5037,5036,5041,5052)
(10321,87,5030,5041,5052)
(10455,62,5012,5017,5028,5039,5044,5049)
(10463,70,5019,5030,5036,5042,5048,5054)
(10437,86,5031,5042,5048,5054)
(10302,71,5021,5032,5037,5036,5041,5052,5057)
(10120,91,5028,5017,5006,5000)
(10244,91,5027,5016,5005)
(10160,74,5028,5034,5035,5041,5052)
(10187,77,5028,5034,5035,5041,5052)
(10324,90,5030,5041,5052)
(10365,92,5028,5039,5050)
(10490,90,5031,5042,5053)
(10403,93,5028,5039,5050,5056)
(10326,72,5021,5032,5043,5054,5059)
(10497,91,5031,5042,5048,5054)
(10228,86,5030,5036,5042,5048,5054)
(10264,96,5027,5016,5005)
(10149,99,5028,5017,5006)
(10191,81,5028,5034,5035,5041,5052)
(10383,86,5032,5043,5054)
(10510,72,5029,5035,5036,5042,5053)
(10147,99,5030,5019,5008)
(10088,99,5036,5030,5019,5008)
(10408,94,5028,5039,5050)
(10155,102,5029,5018,5007)
(10489,96,5028,5039,5050,5056)
(10472,96,5030,5041,5052)
(10289,89,5028,5034,5035,5041,5052)
(10385,91,5032,5043,5054)
(10183,102,5030,5019,5008)
(10347,73,5021,5032,5037,5036,5041,5052,5057)
(10357,74,5021,5032,5037,5036,5041,5052,5057)
(10400,93,5032,5043,5054)
(10440,96,5032,5043,5054)
(10466,95,5030,5036,5042,5048,5054)
(10178,100,5028,5017,5006)
(10243,102,5028,5017,5006)
(10451,91,5030,5036,5042,5053)
(10465,93,5030,5036,5042,5053)
(10313,97,5027,5016,5005)
(10291,109,5030,5019,5013,5007)
(10232,82,5028,5034,5035,5036,5042,5053)
(10258,86,5028,5034,5035,5036,5042,5053)
(10467,97,5032,5043,5054)
(10487,98,5032,5043,5054)
(10156,104,5034,5028,5017,5006)
(10249,107,5028,5017,5006)
(10172,109,5029,5018,5007)
(10307,111,5030,5019,5013,5007)
(10495,99,5032,5043,5054)
(10485,95,5028,5034,5035,5041,5052)
(10504,100,5032,5043,5054)
(10119,111,5031,5020,5009)
(10259,87,5028,5034,5035,5036,5042,5053)
(10298,90,5028,5034,5035,5036,5042,5053)
(10473,97,5030,5036,5042,5048,5054)
(10216,115,5029,5018,5007)
(10288,88,5028,5034,5035,5036,5042,5048,5054)
(10151,99,5034,5028,5017,5006,5000)
(10109,102,5036,5030,5019,5013,5012,5006,5000)
(10113,106,5036,5030,5019,5013,5012,5006,5000)
(10250,109,5028,5017,5006)
(10279,110,5028,5017,5006)
(10319,111,5028,5017,5006)
(10201,113,5034,5028,5017,5006)
(10432,116,5028,5017,5006)
(10074,113,5044,5039,5028,5017,5006)
(10132,113,5036,5030,5019,5013,5012,5006)
(10348,91,5028,5034,5035,5036,5042,5053)
(10404,113,5030,5019,5013,5012,5006,5000)
(10444,118,5028,5017,5006)
(10411,115,5030,5019,5013,5007)
(10210,119,5036,5030,5019,5013,5007)
(10438,117,5028,5017,5006,5000)
(10246,116,5034,5028,5017,5006,5000)
(10470,117,5030,5019,5013,5012,5006,5000)
(10274,119,5034,5028,5017,5006)
(10364,120,5034,5028,5017,5006)
(10013,124,5040,5034,5028,5017)
(10368,122,5029,5018,5007)
(10502,126,5029,5018,5007)
(10173,124,5044,5039,5028,5017,5012,5007)
(10194,117,5031,5020,5009)
(10453,124,5034,5028,5017,5006)
(10222,124,5041,5030,5019,5013,5012)
(10367,121,5034,5028,5017,5006,5000)
(10507,127,5034,5028,5017,5006)
(10110,124,5039,5028,5017,5012,5007,5002)
(10421,123,5034,5028,5017,5006,5000)
(10481,125,5034,5028,5017,5006,5000)
(10127,113,5032,5021,5015,5009,5003)
(10377,124,5036,5030,5019,5008)
(10212,120,5036,5030,5019,5013,5012,5006)
(10406,125,5036,5030,5019,5013,5012,5006)
(10254,122,5036,5030,5019,5013,5012,5006,5000)
(10153,117,5032,5021,5015,5009,5003)
(10297,122,5032,5021,5015,5009,5003)
(10251,119,5032,5021,5015,5014,5013,5007)
(10363,124,5032,5021,5015,5014,5013,5007)
(10117,137,5039,5028,5017,5006)
(10322,142,5044,5039,5028,5017,5006)
(10420,132,5036,5030,5019,5008)
(10354,142,5041,5030,5019)
(10098,148,5040,5029,5018)
(10193,137,5044,5039,5028,5017,5006,5000)
(10073,142,5040,5034,5028,5022,5016)
(10317,139,5041,5030,5019,5013,5012)
(10375,148,5041,5030,5019,5013,5007)
(10447,135,5036,5030,5019,5013,5012,5006)
(10006,152,5042,5036,5030,5019,5013)
(10412,145,5044,5039,5028,5017,5006)
(10469,137,5032,5021,5015,5014,5013,5007)
(10058,139,5040,5034,5028,5017,5006,5000)
(10159,149,5040,5034,5028,5017,5006,5000)
(10428,158,5039,5028,5017,5006,5000)
(10282,139,5044,5039,5028,5017,5012,5013,5014,5015,5010)
(10093,147,5040,5035,5030,5019,5014,5015,5010)
(10492,150,5041,5030,5019,5014,5015,5010)
(10295,148,5039,5028,5017,5012,5007)
(10066,157,5043,5032,5021,5010)
(10460,135,5032,5021,5015,5014,5013,5012,5006)
(10011,157,5042,5036,5030,5019,5013,5012,5006)
(10344,165,5040,5034,5028,5017)
(10340,159,5040,5034,5028,5017,5006,5000)
(10389,166,5040,5034,5028,5017,5006,5000)
(10154,147,5039,5028,5017,5012,5007,5002)
(10047,169,5042,5031,5020,5009)
(10256,170,5048,5042,5036,5030,5019)
(10296,175,5048,5042,5031,5020)
(10414,167,5040,5029,5018)
(10268,172,5048,5042,5031,5020,5009)
(10046,165,5042,5036,5030,5019,5013)
(10102,170,5042,5036,5030,5019,5013)
(10429,159,5039,5028,5017,5012,5007,5002)
(10310,154,5040,5035,5030,5019,5008,5003)
(10325,157,5040,5035,5030,5019,5008,5003)
(10373,157,5039,5034,5035,5030,5019,5008,5003)
(10458,170,5040,5029,5018,5007)
(10386,179,5048,5042,5036,5035,5034,5028,5022,5016)
(10044,170,5049,5038,5027)
(10349,182,5042,5036,5035,5034,5028,5022,5016)
(10269,152,5040,5035,5030,5019,5014,5015,5010)
(10107,172,5042,5031,5020,5015,5010)
(10379,184,5042,5036,5030,5019,5013)
(10360,144,5044,5039,5028,5017,5012,5013,5014,5015,5010)
(10382,185,5042,5036,5030,5019,5013,5012)
(10163,179,5042,5036,5030,5019,5013,5012,5006,5000)
(10390,186,5042,5036,5030,5019,5013,5012,5006,5000)
(10122,175,5042,5036,5030,5019,5008)
(10409,189,5042,5036,5030,5019,5008)
(10477,160,5039,5028,5017,5012,5007,5002,5003)
(10508,162,5039,5028,5017,5012,5007,5002,5003)
(10422,190,5048,5042,5036,5035,5034,5028,5022,5016)
(10439,190,5042,5036,5030,5019,5013,5012,5006)
(10395,187,5042,5031,5020)
(10445,169,5040,5035,5030,5019,5008,5003)
(10475,194,5042,5031,5020,5009)
(10498,195,5048,5042,5036,5030,5019,5013,5007)
(10078,194,5050,5039,5028,5017)
(10057,175,5049,5044,5039,5028,5017,5012,5013)
(10446,194,5048,5042,5036,5030,5019,5013,5012,5006,5000)
(10219,207,5050,5039,5028,5022)
(10104,195,5050,5039,5028,5017,5012,5007)
(10180,197,5050,5039,5028,5017,5006)
(10091,205,5052,5041,5030,5019,5013)
(10094,195,5049,5038,5027,5016)
(10164,197,5049,5038,5027,5016)
(10184,199,5049,5038,5027,5016)
(10500,214,5049,5038,5027)
(10114,196,5049,5044,5039,5028,5017,5012)
(10209,205,5050,5039,5034,5035,5030,5019,5014,5015)
(10300,222,5050,5039,5028,5022)
(10169,205,5056,5050,5039,5028,5017,5012)
(10141,225,5052,5041,5030,5024)
(10275,217,5050,5039,5028,5017)
(10293,219,5050,5039,5028,5017)
(10266,225,5056,5050,5039,5028,5017,5006)
(10231,216,5050,5039,5028,5017,5012)
(10398,225,5050,5039,5028,5017,5006,5000)
(10133,197,5057,5052,5041,5030,5019,5008,5003)
(10402,226,5050,5039,5034,5035,5030,5019,5014)
(10328,224,5050,5039,5034,5035,5030,5019,5014,5015)
(10240,203,5049,5044,5039,5028,5017,5012,5013)
(10380,206,5049,5044,5039,5028,5017,5012,5013)
(10069,194,5049,5044,5039,5028,5017,5012,5007,5002)
(10405,229,5050,5039,5028)
(10484,237,5050,5039,5028)
(10476,234,5050,5039,5028,5017,5006)
(10479,235,5050,5039,5028,5022,5016)
(10471,230,5050,5039,5028,5017,5006,5000)
(10199,200,5049,5044,5039,5028,5017,5012,5007,5002)
(10327,205,5049,5044,5039,5028,5017,5012,5013,5014,5015)
(10501,215,5049,5044,5039,5034,5035,5030,5019)
(10415,243,5056,5050,5039,5028,5022)
(10456,244,5056,5050,5039,5028,5022)
(10186,243,5052,5041,5035,5034,5028,5022)
(10493,245,5056,5050,5039,5028,5017,5006)
(10207,244,5052,5041,5030,5019,5008)
(10308,237,5056,5050,5039,5028,5022,5016)
(10278,242,5053,5042,5036,5030,5019,5013)
(10316,240,5057,5052,5041,5030,5019,5013,5007)
(10272,235,5056,5050,5039,5028,5023)
(10511,248,5056,5050,5039,5028,5017,5012,5007)
(10225,250,5054,5048,5042,5031,5020,5009)
(10332,241,5057,5052,5041,5030,5019)
(10198,242,5054,5043,5032,5021)
(10301,255,5052,5041,5030,5019)
(10378,257,5052,5041,5030,5019,5013,5007)
(10396,242,5057,5052,5041,5030,5019,5008,5003)
(10303,258,5053,5042,5036,5030,5019,5013,5012)
(10397,242,5057,5052,5041,5030,5019,5008,5003)
(10331,259,5054,5048,5042,5036,5030,5019,5013,5012,5006)
(10358,260,5053,5042,5036,5035,5034,5028,5022)
(10341,260,5054,5043,5032)
(10499,259,5052,5041,5030,5019,5013)
(10323,259,5053,5042,5036,5030,5019,5013,5007)
(10342,259,5059,5054,5043,5032,5021,5010)
(10265,250,5052,5041,5030,5019,5008,5003)
(10449,266,5053,5042,5036,5035,5034,5028,5022,5016)
(10413,258,5052,5041,5030,5019,5014,5015)
(10491,275,5054,5043,5032)
(10366,274,5054,5048,5042,5036,5030,5019,5013,5007)
(10351,266,5054,5043,5032,5021,5010)
(10419,265,5053,5042,5031,5020,5009)
(10352,270,5054,5043,5032,5021,5010)
(10401,274,5054,5048,5042,5036,5030,5024)
(10496,267,5053,5042,5036,5035,5034,5028,5022,5016)
